# Created by Octave 4.2.2, Wed Nov 27 17:04:36 2019 IST <ritwik@ritwik-Inspiron-5567>
# name: v
# type: matrix
# rows: 8
# columns: 1
 1
 2
 3
 4
 5
 6
 7
 8


